          1          -0          -0           0          -0           0           0           0
          0           1           0          -0           0          -0           0           0
          0           0           1          -0           0           0          -0           0
          0           0           0           1           0           0           0          -0
          0           0           0           0           1          -0          -0           0
          0           0           0           0           0           1           0          -0
          0           0           0           0           0           0           1          -0
          0           0           0           0           0           0           0           1
   0.954545           0           0           0   0.0454545           0           0           0
   0.909091           0           0           0   0.0909091           0           0           0
   0.863636           0           0           0    0.136364           0           0           0
   0.818182           0           0           0    0.181818           0           0           0
   0.772727           0           0           0    0.227273           0           0           0
   0.727273           0           0           0    0.272727           0           0           0
   0.681818           0           0           0    0.318182           0           0           0
   0.636364           0           0           0    0.363636           0           0           0
   0.590909           0           0           0    0.409091           0           0           0
   0.545455           0           0           0    0.454545           0           0           0
        0.5           0           0           0         0.5           0           0           0
   0.454545           0           0           0    0.545455           0           0           0
   0.409091           0           0           0    0.590909           0           0           0
   0.363636           0           0           0    0.636364           0           0           0
   0.318182           0           0           0    0.681818           0           0           0
   0.272727           0           0           0    0.727273           0           0           0
   0.227273           0           0           0    0.772727           0           0           0
   0.181818           0           0           0    0.818182           0           0           0
   0.136364           0           0           0    0.863636           0           0           0
  0.0909091           0           0           0    0.909091           0           0           0
  0.0454546           0           0           0    0.954545           0           0           0
   0.954545           0   0.0454545           0           0           0           0           0
   0.909091           0   0.0909091           0           0           0           0           0
   0.863636           0    0.136364           0           0           0           0           0
   0.818182           0    0.181818           0           0           0           0           0
   0.772727           0    0.227273           0           0           0           0           0
   0.727273           0    0.272727           0           0           0           0           0
   0.681818           0    0.318182           0           0           0           0           0
   0.636364           0    0.363636           0           0           0           0           0
   0.590909           0    0.409091           0           0           0           0           0
   0.545455           0    0.454545           0           0           0           0           0
        0.5           0         0.5           0           0           0           0           0
   0.454545           0    0.545455           0           0           0           0           0
   0.409091           0    0.590909           0           0           0           0           0
   0.363636           0    0.636364           0           0           0           0           0
   0.318182           0    0.681818           0           0           0           0           0
   0.272727           0    0.727273           0           0           0           0           0
   0.227273           0    0.772727           0           0           0           0           0
   0.181818           0    0.818182           0           0           0           0           0
   0.136364           0    0.863636           0           0           0           0           0
  0.0909091           0    0.909091           0           0           0           0           0
  0.0454546           0    0.954545           0           0           0           0           0
   0.954545   0.0454545           0           0           0           0           0           0
   0.909091   0.0909091           0           0           0           0           0           0
   0.863636    0.136364           0           0           0           0           0           0
   0.818182    0.181818           0           0           0           0           0           0
   0.772727    0.227273           0           0           0           0           0           0
   0.727273    0.272727           0           0           0           0           0           0
   0.681818    0.318182           0           0           0           0           0           0
   0.636364    0.363636           0           0           0           0           0           0
   0.590909    0.409091           0           0           0           0           0           0
   0.545455    0.454545           0           0           0           0           0           0
        0.5         0.5           0           0           0           0           0           0
   0.454545    0.545455           0           0           0           0           0           0
   0.409091    0.590909           0           0           0           0           0           0
   0.363636    0.636364           0           0           0           0           0           0
   0.318182    0.681818           0           0           0           0           0           0
   0.272727    0.727273           0           0           0           0           0           0
   0.227273    0.772727           0           0           0           0           0           0
   0.181818    0.818182           0           0           0           0           0           0
   0.136364    0.863636           0           0           0           0           0           0
  0.0909091    0.909091           0           0           0           0           0           0
  0.0454546    0.954545           0           0           0           0           0           0
          0           0           0           0    0.954545           0   0.0454545           0
          0           0           0           0    0.909091           0   0.0909091           0
          0           0           0           0    0.863636           0    0.136364           0
          0           0           0           0    0.818182           0    0.181818           0
          0           0           0           0    0.772727           0    0.227273           0
          0           0           0           0    0.727273           0    0.272727           0
          0           0           0           0    0.681818           0    0.318182           0
          0           0           0           0    0.636364           0    0.363636           0
          0           0           0           0    0.590909           0    0.409091           0
          0           0           0           0    0.545455           0    0.454545           0
          0           0           0           0         0.5           0         0.5           0
          0           0           0           0    0.454545           0    0.545455           0
          0           0           0           0    0.409091           0    0.590909           0
          0           0           0           0    0.363636           0    0.636364           0
          0           0           0           0    0.318182           0    0.681818           0
          0           0           0           0    0.272727           0    0.727273           0
          0           0           0           0    0.227273           0    0.772727           0
          0           0           0           0    0.181818           0    0.818182           0
          0           0           0           0    0.136364           0    0.863636           0
          0           0           0           0   0.0909091           0    0.909091           0
          0           0           0           0   0.0454546           0    0.954545           0
          0           0           0           0    0.954545   0.0454545           0           0
          0           0           0           0    0.909091   0.0909091           0           0
          0           0           0           0    0.863636    0.136364           0           0
          0           0           0           0    0.818182    0.181818           0           0
          0           0           0           0    0.772727    0.227273           0           0
          0           0           0           0    0.727273    0.272727           0           0
          0           0           0           0    0.681818    0.318182           0           0
          0           0           0           0    0.636364    0.363636           0           0
          0           0           0           0    0.590909    0.409091           0           0
          0           0           0           0    0.545455    0.454545           0           0
          0           0           0           0         0.5         0.5           0           0
          0           0           0           0    0.454545    0.545455           0           0
          0           0           0           0    0.409091    0.590909           0           0
          0           0           0           0    0.363636    0.636364           0           0
          0           0           0           0    0.318182    0.681818           0           0
          0           0           0           0    0.272727    0.727273           0           0
          0           0           0           0    0.227273    0.772727           0           0
          0           0           0           0    0.181818    0.818182           0           0
          0           0           0           0    0.136364    0.863636           0           0
          0           0           0           0   0.0909091    0.909091           0           0
          0           0           0           0   0.0454546    0.954545           0           0
          0           0    0.954545           0           0           0   0.0454545           0
          0           0    0.909091           0           0           0   0.0909091           0
          0           0    0.863636           0           0           0    0.136364           0
          0           0    0.818182           0           0           0    0.181818           0
          0           0    0.772727           0           0           0    0.227273           0
          0           0    0.727273           0           0           0    0.272727           0
          0           0    0.681818           0           0           0    0.318182           0
          0           0    0.636364           0           0           0    0.363636           0
          0           0    0.590909           0           0           0    0.409091           0
          0           0    0.545455           0           0           0    0.454545           0
          0           0         0.5           0           0           0         0.5           0
          0           0    0.454545           0           0           0    0.545455           0
          0           0    0.409091           0           0           0    0.590909           0
          0           0    0.363636           0           0           0    0.636364           0
          0           0    0.318182           0           0           0    0.681818           0
          0           0    0.272727           0           0           0    0.727273           0
          0           0    0.227273           0           0           0    0.772727           0
          0           0    0.181818           0           0           0    0.818182           0
          0           0    0.136364           0           0           0    0.863636           0
          0           0   0.0909091           0           0           0    0.909091           0
          0           0   0.0454546           0           0           0    0.954545           0
          0           0    0.954545   0.0454545           0           0           0           0
          0           0    0.909091   0.0909091           0           0           0           0
          0           0    0.863636    0.136364           0           0           0           0
          0           0    0.818182    0.181818           0           0           0           0
          0           0    0.772727    0.227273           0           0           0           0
          0           0    0.727273    0.272727           0           0           0           0
          0           0    0.681818    0.318182           0           0           0           0
          0           0    0.636364    0.363636           0           0           0           0
          0           0    0.590909    0.409091           0           0           0           0
          0           0    0.545455    0.454545           0           0           0           0
          0           0         0.5         0.5           0           0           0           0
          0           0    0.454545    0.545455           0           0           0           0
          0           0    0.409091    0.590909           0           0           0           0
          0           0    0.363636    0.636364           0           0           0           0
          0           0    0.318182    0.681818           0           0           0           0
          0           0    0.272727    0.727273           0           0           0           0
          0           0    0.227273    0.772727           0           0           0           0
          0           0    0.181818    0.818182           0           0           0           0
          0           0    0.136364    0.863636           0           0           0           0
          0           0   0.0909091    0.909091           0           0           0           0
          0           0   0.0454546    0.954545           0           0           0           0
          0    0.954545           0           0           0   0.0454545           0           0
          0    0.909091           0           0           0   0.0909091           0           0
          0    0.863636           0           0           0    0.136364           0           0
          0    0.818182           0           0           0    0.181818           0           0
          0    0.772727           0           0           0    0.227273           0           0
          0    0.727273           0           0           0    0.272727           0           0
          0    0.681818           0           0           0    0.318182           0           0
          0    0.636364           0           0           0    0.363636           0           0
          0    0.590909           0           0           0    0.409091           0           0
          0    0.545455           0           0           0    0.454545           0           0
          0         0.5           0           0           0         0.5           0           0
          0    0.454545           0           0           0    0.545455           0           0
          0    0.409091           0           0           0    0.590909           0           0
          0    0.363636           0           0           0    0.636364           0           0
          0    0.318182           0           0           0    0.681818           0           0
          0    0.272727           0           0           0    0.727273           0           0
          0    0.227273           0           0           0    0.772727           0           0
          0    0.181818           0           0           0    0.818182           0           0
          0    0.136364           0           0           0    0.863636           0           0
          0   0.0909091           0           0           0    0.909091           0           0
          0   0.0454546           0           0           0    0.954545           0           0
          0    0.954545           0   0.0454545           0           0           0           0
          0    0.909091           0   0.0909091           0           0           0           0
          0    0.863636           0    0.136364           0           0           0           0
          0    0.818182           0    0.181818           0           0           0           0
          0    0.772727           0    0.227273           0           0           0           0
          0    0.727273           0    0.272727           0           0           0           0
          0    0.681818           0    0.318182           0           0           0           0
          0    0.636364           0    0.363636           0           0           0           0
          0    0.590909           0    0.409091           0           0           0           0
          0    0.545455           0    0.454545           0           0           0           0
          0         0.5           0         0.5           0           0           0           0
          0    0.454545           0    0.545455           0           0           0           0
          0    0.409091           0    0.590909           0           0           0           0
          0    0.363636           0    0.636364           0           0           0           0
          0    0.318182           0    0.681818           0           0           0           0
          0    0.272727           0    0.727273           0           0           0           0
          0    0.227273           0    0.772727           0           0           0           0
          0    0.181818           0    0.818182           0           0           0           0
          0    0.136364           0    0.863636           0           0           0           0
          0   0.0909091           0    0.909091           0           0           0           0
          0   0.0454546           0    0.954545           0           0           0           0
          0           0           0           0           0           0    0.954545   0.0454545
          0           0           0           0           0           0    0.909091   0.0909091
          0           0           0           0           0           0    0.863636    0.136364
          0           0           0           0           0           0    0.818182    0.181818
          0           0           0           0           0           0    0.772727    0.227273
          0           0           0           0           0           0    0.727273    0.272727
          0           0           0           0           0           0    0.681818    0.318182
          0           0           0           0           0           0    0.636364    0.363636
          0           0           0           0           0           0    0.590909    0.409091
          0           0           0           0           0           0    0.545455    0.454545
          0           0           0           0           0           0         0.5         0.5
          0           0           0           0           0           0    0.454545    0.545455
          0           0           0           0           0           0    0.409091    0.590909
          0           0           0           0           0           0    0.363636    0.636364
          0           0           0           0           0           0    0.318182    0.681818
          0           0           0           0           0           0    0.272727    0.727273
          0           0           0           0           0           0    0.227273    0.772727
          0           0           0           0           0           0    0.181818    0.818182
          0           0           0           0           0           0    0.136364    0.863636
          0           0           0           0           0           0   0.0909091    0.909091
          0           0           0           0           0           0   0.0454546    0.954545
          0           0           0           0           0    0.954545           0   0.0454545
          0           0           0           0           0    0.909091           0   0.0909091
          0           0           0           0           0    0.863636           0    0.136364
          0           0           0           0           0    0.818182           0    0.181818
          0           0           0           0           0    0.772727           0    0.227273
          0           0           0           0           0    0.727273           0    0.272727
          0           0           0           0           0    0.681818           0    0.318182
          0           0           0           0           0    0.636364           0    0.363636
          0           0           0           0           0    0.590909           0    0.409091
          0           0           0           0           0    0.545455           0    0.454545
          0           0           0           0           0         0.5           0         0.5
          0           0           0           0           0    0.454545           0    0.545455
          0           0           0           0           0    0.409091           0    0.590909
          0           0           0           0           0    0.363636           0    0.636364
          0           0           0           0           0    0.318182           0    0.681818
          0           0           0           0           0    0.272727           0    0.727273
          0           0           0           0           0    0.227273           0    0.772727
          0           0           0           0           0    0.181818           0    0.818182
          0           0           0           0           0    0.136364           0    0.863636
          0           0           0           0           0   0.0909091           0    0.909091
          0           0           0           0           0   0.0454546           0    0.954545
          0           0           0    0.954545           0           0           0   0.0454545
          0           0           0    0.909091           0           0           0   0.0909091
          0           0           0    0.863636           0           0           0    0.136364
          0           0           0    0.818182           0           0           0    0.181818
          0           0           0    0.772727           0           0           0    0.227273
          0           0           0    0.727273           0           0           0    0.272727
          0           0           0    0.681818           0           0           0    0.318182
          0           0           0    0.636364           0           0           0    0.363636
          0           0           0    0.590909           0           0           0    0.409091
          0           0           0    0.545455           0           0           0    0.454545
          0           0           0         0.5           0           0           0         0.5
          0           0           0    0.454545           0           0           0    0.545455
          0           0           0    0.409091           0           0           0    0.590909
          0           0           0    0.363636           0           0           0    0.636364
          0           0           0    0.318182           0           0           0    0.681818
          0           0           0    0.272727           0           0           0    0.727273
          0           0           0    0.227273           0           0           0    0.772727
          0           0           0    0.181818           0           0           0    0.818182
          0           0           0    0.136364           0           0           0    0.863636
          0           0           0   0.0909091           0           0           0    0.909091
          0           0           0   0.0454546           0           0           0    0.954545
    0.22554   0.0650684    0.106866   0.0299917    0.296488   0.0887383    0.145632   0.0416754
   0.231963   0.0170936    0.233353   0.0173778    0.234657   0.0167337    0.231852   0.0169702
   0.234976    0.235736   0.0148114   0.0156231     0.23388    0.234281   0.0154109    0.015282
    0.23326    0.233097     0.23351     0.23349   0.0164661   0.0166972   0.0167528   0.0167267
  0.0149096   0.0150678    0.234414    0.235236   0.0153534   0.0156378    0.234821     0.23456
  0.0178739   0.0174802   0.0170021   0.0170912    0.231039    0.233062    0.234121     0.23233
  0.0174332    0.232943   0.0169011    0.232212   0.0164246    0.232186   0.0174529    0.234447
  0.0307321    0.541524  0.00725817    0.182362  0.00692872    0.182096  0.00184363   0.0472556
   0.542047   0.0295108    0.182344  0.00778047     0.18348  0.00729653   0.0456671  0.00187489
 0.00669128   0.0261883  0.00161186  0.00695646    0.182585    0.544354   0.0484002    0.183212
   0.179272  0.00738288    0.545105   0.0286407    0.046988   0.0019555    0.183255  0.00740068
 0.00772285    0.181223   0.0306362     0.54107  0.00196748   0.0464737  0.00753369    0.183372
 0.00695676  0.00163266     0.18142    0.047039   0.0272847  0.00626677    0.545302    0.184098
 0.00191456  0.00729504   0.0060384   0.0274727   0.0462294    0.182659    0.186339    0.542051
  0.0314466   0.0074034  0.00702823  0.00166026    0.540314    0.183321    0.180921   0.0479052
 0.00273367   0.0118235   0.0614046    0.277716  0.00556434   0.0264721    0.129289    0.484997
  0.0534209  0.00240081    0.151308  0.00710936    0.229771    0.010479     0.51371   0.0318013
  0.0543866    0.231344  0.00218818   0.0103313    0.149942    0.515519  0.00692019   0.0293689
   0.530463   0.0270149    0.114631  0.00424421    0.265617   0.0103299   0.0460236  0.00167678
   0.230195  0.00995495   0.0546173  0.00236273    0.516975   0.0303514    0.148789  0.00675479
   0.174814    0.256712    0.192115    0.279894   0.0183765   0.0273286   0.0203945   0.0303651
   0.182257   0.0466736    0.544544    0.181345  0.00705521  0.00178736   0.0296619  0.00667643
   0.541907    0.181724    0.029137  0.00753456     0.18282   0.0475503  0.00742676  0.00190018
  0.0254217  0.00615291    0.519456    0.152142  0.00953427  0.00226689    0.231381   0.0536458
  0.0195194 0.000761277           0           0    0.782211    0.147499   0.0476577  0.00235086
 0.00250695   0.0535559  0.00961738     0.23075  0.00649444    0.149911    0.030154     0.51701
   0.244827    0.201975   0.0296245   0.0246786    0.243552    0.201155   0.0298044   0.0243824
   0.241145    0.123331    0.244906    0.126719   0.0863338   0.0428155   0.0894556   0.0452938
  0.0852216   0.0851786   0.0192199   0.0192054    0.318759    0.319972   0.0765576   0.0758864
 0.00983472   0.0021369   0.0268163  0.00567267    0.228916   0.0539896     0.51859    0.154044
  0.0193174   0.0212662   0.0821237   0.0925344   0.0701186     0.07871    0.304534    0.331396
  0.0370865   0.0705541    0.312669    0.489998  0.00347215   0.0066918   0.0271639   0.0523652
  0.0871719   0.0199748    0.301553   0.0719437   0.0948384   0.0215401    0.323889   0.0790898
  0.0136566    0.107029   0.0250459    0.206645   0.0254611    0.202362   0.0512876    0.368513
  0.0815923    0.316646   0.0221816   0.0913107    0.076775    0.302645   0.0215825   0.0872667
  0.0052393   0.0103932   0.0676464    0.141308   0.0189746   0.0412687    0.258356    0.456814
   0.102538    0.579177   0.0208436    0.175045   0.0105158   0.0904124  0.00211866   0.0193509
  0.0896973    0.238117   0.0908001    0.243618   0.0448057    0.121247   0.0463926    0.125322
  0.0572222  0.00124719  0.00128467           0    0.776721    0.081128   0.0804304  0.00196669
 0.00665462    0.029222    0.183307     0.54205  0.00171742  0.00685882   0.0469372    0.183253
   0.182438   0.0477709  0.00698598  0.00177354    0.541005    0.182884   0.0299283  0.00721424
   0.185344     0.54093   0.0459173    0.181583  0.00724135   0.0297782  0.00177625  0.00742996
 0.00724233    0.182109  0.00168871   0.0482858    0.028682    0.544015  0.00745747    0.180519
    0.79822   0.0670622   0.0648783 0.000716461   0.0678276 0.000639798 0.000656041           0
  0.0204298   0.0457386  0.00459446    0.011026    0.252095    0.476061   0.0584028    0.131652
   0.111633    0.304649  0.00618691   0.0188715    0.146243    0.379646  0.00851633   0.0242543
  0.0236641    0.132596    0.133137    0.536481  0.00426971   0.0229933   0.0226901    0.124168
  0.0983741    0.149533    0.069454    0.106346    0.133342    0.202993   0.0952068    0.144751
     0.3501    0.149534    0.297301    0.122454   0.0315073   0.0127134   0.0260507   0.0103401
   0.551909    0.130341    0.129594   0.0218298    0.120481   0.0208608   0.0212368  0.00374646
   0.129115   0.0198819   0.0211768  0.00329621    0.556782    0.121217    0.127941     0.02059
 0.00343392  0.00415453   0.0738589    0.093147   0.0147939   0.0204974    0.364358    0.425756
  0.0462787   0.0479357   0.0477092   0.0501202    0.192083    0.200435    0.203353    0.212084
    0.67406    0.184797   0.0590608  0.00841335   0.0624008  0.00829117  0.00273891 0.000237901
 0.00362966  0.00289419   0.0182632    0.015921   0.0805882   0.0725575    0.420828    0.385318
   0.210232    0.221724   0.0468408   0.0490386    0.185982    0.200565   0.0414455   0.0441715
   0.416946    0.383313   0.0812186   0.0720315   0.0205445   0.0184411  0.00400092  0.00350502
  0.0722185  0.00346777     0.38261   0.0180878   0.0826744  0.00384315    0.415754   0.0213448
  0.0182233    0.017159    0.420277    0.383682  0.00330337  0.00326849   0.0803296   0.0737571
  0.0736297   0.0823909  0.00298486  0.00360898    0.382703    0.416364   0.0180586   0.0202601
  0.0733303    0.383081     0.08232    0.415353  0.00309666   0.0182362  0.00347526   0.0211077
 0.00322466   0.0722838  0.00331533   0.0835142    0.018566    0.382008   0.0225131    0.414575
   0.217204   0.0472156    0.187934   0.0406062    0.223168    0.047902    0.194182   0.0417873
  0.0460001   0.0386317    0.221349    0.185861   0.0470242   0.0403371    0.228314    0.192482
   0.300573    0.280556   0.0549461   0.0515683    0.136697    0.127702   0.0248104   0.0231477
 0.00327521    0.019407  0.00272215    0.019252   0.0721808    0.404693   0.0723774    0.406093
  0.0194261    0.406252   0.0186333    0.406042  0.00275636   0.0717206  0.00274672   0.0724228
  0.0197828   0.0192795  0.00278985  0.00294594    0.405905    0.406406    0.071774   0.0711169
    0.02105    0.404722  0.00315331   0.0715559   0.0200119    0.405516  0.00334281   0.0706478
   0.080382  0.00345245   0.0589695  0.00244277    0.453183   0.0231061    0.361995   0.0164698
  0.0405039    0.104654  0.00183962   0.0053297    0.264372    0.532695   0.0143224   0.0362836
   0.184899   0.0245197    0.409133   0.0600999   0.0824129   0.0112225    0.200378   0.0273343
  0.0760769    0.124888  0.00664013   0.0111287    0.286784    0.427205   0.0257602   0.0415175
  0.0667149   0.0565745    0.447189     0.39045   0.0025332  0.00237928   0.0188018   0.0153577
  0.0151478  0.00187537     0.39074   0.0562355   0.0200413  0.00254377    0.442661   0.0707556
   0.443631     0.38846   0.0193575   0.0173532   0.0676324   0.0582419  0.00286453  0.00245912
 0.00320109   0.0266305 0.000328772  0.00465616    0.118741    0.637279   0.0214616    0.187702
   0.389793   0.0580291    0.443051   0.0681189   0.0163678  0.00204833   0.0202853  0.00230644
 0.00297879   0.0687768   0.0211542    0.441796   0.0022375   0.0557733   0.0178006    0.389482
   0.020484  0.00268236   0.0159126  0.00195205    0.441587   0.0695514    0.389205   0.0586257
 0.00220956   0.0208161   0.0659851    0.478817  0.00144354   0.0135425   0.0461128    0.371073
 0.00169601 0.000504516   0.0614659   0.0275025   0.0193187    0.008327    0.552448    0.328737
  0.0484006   0.0130397    0.198033   0.0530625    0.116268   0.0293229    0.418227    0.123646
   0.058505  0.00122811    0.554118   0.0198151   0.0267671 0.000514102    0.328897   0.0101554
   0.077059    0.145529   0.0402613   0.0762051    0.149958    0.281025    0.078687    0.151275
  0.0740969   0.0402277    0.141333   0.0769219    0.147508   0.0811168    0.279643    0.159152
  0.0077161   0.0207818    0.331756    0.555145 0.000534649  0.00156027   0.0253028   0.0572035
0.000440821  0.00751605  0.00115169   0.0208597   0.0240792    0.304367   0.0660169    0.575569
   0.152585     0.28019    0.083043    0.150862    0.074997    0.141476    0.042045   0.0748026
   0.149214   0.0754949    0.279639    0.142595   0.0799097   0.0412081    0.154556   0.0773826
   0.065405    0.556775   0.0270999    0.317489  0.00146898   0.0217707  0.00052101  0.00947024
 0.00175155   0.0632545 0.000417074   0.0274015   0.0214997    0.557313  0.00931734    0.319045
   0.063488   0.0286953  0.00145037  0.00053047    0.556321    0.316995   0.0231208  0.00939882
  0.0411643   0.0798324    0.075143    0.147395   0.0787654    0.154339    0.146775    0.276586
  0.0294816 0.000703838   0.0518897  0.00139982    0.360829   0.0114397    0.524838   0.0194181
   0.274874     0.14465    0.150906   0.0779022    0.152565    0.076216   0.0814422   0.0414448
  0.0599496   0.0476833   0.0799991   0.0636448    0.179828    0.142908     0.23742    0.188566
    0.36161   0.0228244    0.339296   0.0214145    0.123624   0.0074344    0.116564   0.0072323
0.000628019  0.00149769  0.00661545   0.0192975   0.0257195     0.05811    0.333526    0.554606
  0.0242737   0.0124075    0.057209   0.0281844    0.176739   0.0912491    0.393714    0.216224
  0.0311364    0.315142  0.00252785    0.028359   0.0591832     0.50486  0.00504684   0.0537449
9.42822e-05  0.00615544  0.00584344    0.157723  0.00212628   0.0643923    0.063618    0.700047
2.47791e-05  0.00197871   0.0107865    0.132439  0.00186643   0.0283281    0.139824    0.684753
  0.0508961    0.027048   0.0236183   0.0130674    0.375358    0.214386    0.192035    0.103592
   0.576954   0.0214089    0.302838  0.00845148   0.0645539   0.0014315   0.0239281 0.000434848
  0.0848512    0.146587    0.160169    0.272746   0.0422353   0.0730229   0.0803404    0.140048
   0.312617   0.0279618   0.0280797  0.00233808    0.513048   0.0556219   0.0555353  0.00479814
 0.00842706   0.0206384  0.00045677  0.00172736    0.304099    0.576234   0.0251272   0.0632895
   0.598137   0.0659827   0.0217532  0.00149948    0.284595   0.0204884  0.00722328 0.000320955
 0.00861232    0.303149   0.0229122     0.57342 0.000492085   0.0234458  0.00160984   0.0663594
  0.0615605    0.371313  0.00828802   0.0531423   0.0628438    0.380562  0.00864748   0.0536431
   0.011891    0.026958   0.0255753   0.0613373   0.0840176    0.197681    0.192428    0.400111
 0.00334266   0.0327561   0.0315559     0.32273  0.00571008   0.0592724   0.0572556    0.487377
   0.267838    0.118733   0.0166481  0.00751072    0.374395    0.177645   0.0258661    0.011364
   0.209095    0.370397    0.107171    0.204229   0.0246098    0.047945   0.0124352   0.0241175
  0.0259978    0.206923   0.0129503     0.10584   0.0488721    0.370613   0.0256164    0.203188
   0.264666   0.0175838    0.376623   0.0259597    0.119868  0.00785288    0.176117   0.0113294
   0.610062     0.28139   0.0187121  0.00540596   0.0636543    0.018998  0.00145525 0.000322104
   0.208511   0.0855232     0.40377    0.179793   0.0275571   0.0115699   0.0594263     0.02385
  0.0135657   0.0291276    0.106602      0.2273   0.0233105   0.0523327    0.182719    0.365042
0.000320826   0.0121195    0.011738    0.330798 0.000898884   0.0311163   0.0333337    0.579675
   0.022304 0.000428617    0.280751  0.00760483   0.0708747  0.00172645    0.591944   0.0243663
 0.00870311    0.126119           0  0.00163006    0.124683    0.712729  0.00135741   0.0247779
  0.0222251    0.557544  0.00120946   0.0538555  0.00921489    0.332375 0.000433764   0.0231421
  0.0638728   0.0408324  0.00371764  0.00230281    0.483763    0.347648   0.0358928   0.0219708
   0.489901   0.0813452    0.202895   0.0270968    0.129988   0.0172432   0.0451745   0.0063558
          0   0.0103074  0.00134515    0.111272  0.00157055    0.143111   0.0302252    0.702169
   0.393737    0.210562    0.054099   0.0266166    0.187284   0.0910382   0.0245907   0.0120725
   0.375019    0.182133    0.222831    0.101367   0.0525323   0.0233703   0.0293869    0.013361
   0.129137    0.714299  0.00119559   0.0243371  0.00933029    0.120025           0   0.0016771
  0.0838093     0.12372    0.113707    0.170912   0.0858657    0.130046     0.11562    0.176321
0.000863778           0   0.0203848  0.00112263    0.126174  0.00853441     0.72038     0.12254
      0.021  0.00624903    0.596051    0.282641  0.00166242 0.000451056   0.0701516   0.0217937
   0.597258    0.285104   0.0672804   0.0220399   0.0205993  0.00555564  0.00178156 0.000381501
  0.0906103    0.193112    0.203491    0.391871   0.0117306   0.0258548   0.0256894   0.0576409
  0.0010387   0.0244672           0  0.00126527    0.115637    0.731384  0.00739034    0.118817
  0.0011088    0.118719           0  0.00719272   0.0212392    0.733032  0.00141361    0.117295
 0.00123718    0.071207   0.0240033    0.642136 0.000141332   0.0154338  0.00440237    0.241439
 0.00104144   0.0277297    0.116853    0.728289           0  0.00108411  0.00669196    0.118311
  0.0234285   0.0106969    0.182659   0.0814561   0.0585034   0.0259451    0.413831     0.20348
  0.0177328   0.0325797   0.0121353   0.0232539    0.187405    0.337997    0.136706     0.25219
   0.121537     0.73416  0.00768115    0.112212  0.00109812   0.0219183           0  0.00139406
  0.0295637    0.728667 0.000982701    0.115663  0.00116126    0.116761           0  0.00720114
   0.186581    0.377512   0.0108477   0.0257578    0.118577    0.257847  0.00700914   0.0158684
 0.00039594   0.0219522  0.00134604   0.0647004  0.00703206    0.295861   0.0238533    0.584859
  0.0273696    0.212541   0.0578784    0.408659   0.0108583   0.0832799   0.0222167    0.177197
  0.0225653  0.00661023  0.00135431 0.000359414    0.597588    0.285846   0.0641716   0.0215048
  0.0237701    0.597773  0.00655448    0.284547  0.00140042    0.063914  0.00038327   0.0216572
 0.00162782           0    0.120888  0.00776979   0.0239683  0.00121084    0.730075    0.114459
 0.00172934   0.0219992 0.000323272  0.00791359   0.0630352    0.576211   0.0238425    0.304946
   0.189735   0.0802338   0.0246993   0.0106857    0.415816    0.191368   0.0618064   0.0256563
   0.311918   0.0758633    0.314341   0.0777483   0.0883903    0.020403   0.0899996   0.0213368
   0.112825  0.00735822    0.733316    0.114131  0.00113344           0   0.0298505  0.00138587
   0.114104 0.000963634    0.735647   0.0214856  0.00742724           0    0.119082  0.00129082
  0.0604401    0.411801   0.0277776    0.212288   0.0225482    0.173349   0.0109141   0.0808808
   0.213776   0.0296998   0.0837997   0.0115449    0.404544   0.0614741    0.172107   0.0230538
