    0.179052     0.184167   0.00309003   0.00407819    0.0218717     0.468667    0.0335439      0.10553
   0.0453115     0.302711    0.0836698    0.0108249     0.183371     0.370813            0   0.00329827
   0.0918153     0.158988     0.211285    0.0665565       0.2812     0.190143  1.34755e-05            0
   0.0199484  0.000481226   0.00213028     0.010409     0.315158     0.649083    0.0016117   0.00117838
    0.253871     0.246911    0.0372494    0.0243539    0.0944925      0.33791  0.000265186   0.00494688
     0.19075     0.366669   0.00699335   0.00613201    0.0159712     0.380587   0.00393407    0.0289635
  0.00328775            0            0   0.00071882     0.033965     0.781334     0.127925    0.0527693
           0            0            1            0            0            0  1.66927e-07            0
    0.244991    0.0466772    0.0111514    0.0419736     0.156821     0.478176   0.00685337    0.0133557
    0.105271    0.0263683   0.00574872    0.0233195      0.24962     0.560361    0.0128368    0.0164756
  0.00019451   0.00437295   0.00686643  0.000157895     0.201384     0.779413   0.00591715   0.00169357
           0   0.00275446    0.0728065   0.00167295     0.881945    0.0407969  1.76478e-05  6.15616e-06
   0.0395105   0.00963182    0.0500742       0.2801     0.551824    0.0688598            0            0
  0.00427017     0.138711    0.0135897            0    0.0324971     0.767003    0.0119486    0.0319801
  0.00283709    0.0063706    0.0138795            0     0.711429     0.265411  5.29922e-05  2.01483e-05
    0.131123    0.0474264    0.0020221   0.00636261    0.0489465     0.551306    0.0835121     0.129301
   0.0375365            0    0.0020123     0.019156     0.252196     0.669799   0.00949614   0.00980445
 3.89584e-07   1.2708e-05  1.96434e-07  1.50161e-07  3.29206e-07    0.0101785     0.946996    0.0428117
   0.0542439   0.00981893  0.000155756   0.00624365     0.078811     0.703958    0.0795538    0.0672146
   0.0480006    0.0124214    0.0102598    0.0258036     0.470434     0.432167   0.00039061  0.000522419
   0.0129009            0            0   0.00807486     0.756297     0.222727            0            0
  3.3837e-05  3.96629e-07  6.87953e-07  5.74394e-09  7.69105e-06    0.0210645     0.978893            0
    0.110773     0.439486   0.00964426    0.0028245    0.0217295      0.38317   0.00239761    0.0299754
 9.39096e-05            0  1.08132e-06            0            0    0.0678337     0.619396     0.312675
  0.00121405            0            0            0  3.27232e-05     0.223685     0.614332     0.160736
 2.83855e-05            0  7.74971e-07  4.05289e-08  8.48847e-06     0.070693     0.894335    0.0349339
     0.97642   0.00669603  0.000600704  0.000883744   0.00150251    0.0138014  1.67656e-05   7.9309e-05
 1.35847e-05   2.5043e-05  7.56541e-07  3.93282e-07  3.27056e-06  0.000365512     0.965329    0.0342625
   0.0570334     0.705052   0.00898639   0.00155329    0.0180047     0.197639  0.000166574    0.0115652
   0.0190537   0.00768129    0.0350378     0.821504     0.099002    0.0177141  4.65318e-06  2.91412e-06
  0.00911848    0.0383115     0.446891    0.0249791     0.398045    0.0826426  1.21794e-05  1.95989e-07
  0.00268072   0.00665283            0  6.58814e-05  1.49754e-05     0.166806     0.230214     0.593566
   0.0143648      0.95815    0.0021478  0.000607749   0.00388465    0.0204098  1.64152e-06  0.000433838
   0.0108283    0.0704723     0.104402   0.00828768     0.439315     0.366695            0            0
  0.00501238     0.002734      0.21402     0.183901     0.590849   0.00348156  5.84414e-08  2.11259e-06
    0.657874    0.0571074   0.00274155   0.00732201    0.0224168     0.233262   0.00383945    0.0154367
     0.28001    0.0790532    0.0554471     0.109947     0.245128     0.230415            0            0
    0.982116   0.00555695  0.000578386  0.000812511   0.00139194   0.00953412  9.88916e-06            0
           0   4.0807e-05  6.72948e-06  2.56982e-06  3.64021e-05            0     0.316275     0.683639
   0.0927584    0.0721607    0.0013131   0.00240766    0.0177327     0.436012     0.116177     0.261438
  0.00706025   0.00156194    0.0177586     0.855186     0.112632   0.00580143  4.10407e-07  5.38249e-08
  0.00114003   0.00683634            0  8.09422e-06            0     0.373721     0.427582     0.190713
 0.000245316  0.000776405  1.86256e-06  6.01761e-06  8.78169e-06    0.0272454     0.124215     0.847501
  0.00562591   0.00190938            0   2.8392e-05  0.000311792     0.147486     0.288181     0.556458
           0            0  5.39229e-06            0  4.26829e-05      0.09845     0.539581      0.36192
    0.141499    0.0284352    0.0300739     0.129584     0.397138     0.273232            0  3.77072e-05
   0.0582457     0.815318    0.0076455   0.00259299    0.0141967    0.0985723  1.52961e-05    0.0034134
   0.0337068    0.0344705     0.348907     0.177146     0.341595    0.0641689  3.44867e-06  3.00025e-06
  0.00756288    0.0213258     0.820789    0.0175359     0.104464    0.0283129  8.77154e-06   3.1634e-08
    0.818001     0.045843   0.00386723   0.00510946    0.0115767     0.112359  0.000201716   0.00304151
 0.000128907  2.55124e-05  3.64928e-06  5.33695e-07  3.20341e-05   0.00586681     0.878284     0.115658
   0.0394032     0.032811  0.000268105  0.000837108   0.00582065     0.342101     0.158235     0.420524
 4.07994e-08  6.61222e-06  8.46218e-08  5.78662e-08  3.20634e-07    0.0239431     0.902993    0.0730566
           0            0            0            0            0     0.239928     0.663476    0.0965959
   0.0154408     0.944899   0.00377188   0.00103261   0.00735961    0.0269727            0  0.000523019
 0.000971226    0.0578167     0.033304  0.000962398     0.181302     0.723746  0.000869969   0.00102799
 0.000546323            0    0.0410996    0.0372816     0.921015  5.18447e-05  4.45903e-06    1.306e-06
   0.0396158     0.135976     0.254716     0.025706     0.318272     0.225679  3.53851e-05            0
    0.705828    0.0418166    0.0102442    0.0208665    0.0518986     0.165823  0.000510204    0.0030138
 5.36851e-05   0.00160609            0   1.8983e-06            0     0.254113     0.562136      0.18209
 0.000836753  5.81318e-05    2.065e-06  6.54116e-07  7.95584e-06    0.0368508     0.240641     0.721602
 3.21571e-06  5.75759e-05  3.03682e-06    1.197e-06  1.07037e-05    0.0147575     0.722165     0.263002
   0.0916738     0.027178    0.0636324     0.334875     0.362572     0.120064   4.0251e-06  6.20656e-07
   0.0046619    0.0282653     0.185555    0.0129531     0.620069     0.148481  1.08541e-05  4.05301e-06
  0.00368045     0.011337     0.656895    0.0361836     0.272111    0.0197884  2.92701e-06  1.68033e-06
           0     0.999995            0            0            0            0  4.50974e-06            0
  0.00363681    0.0208498   0.00025588  5.92809e-06  0.000423257     0.569171     0.245166     0.160491
  1.4381e-05   0.00110494  3.70345e-06  6.58406e-06  2.94291e-05    0.0501833     0.255433     0.693225
   0.0386292    0.0437301    0.0623024    0.0411226      0.57988     0.234336            0            0
 0.000673134   0.00280512     0.977455   0.00282382     0.013891   0.00234999  2.07054e-06            0
    0.152892     0.101805     0.124601     0.139505     0.309465      0.17173  1.80536e-06            0
   0.0980023     0.401029    0.0689062     0.017741     0.141132     0.270616  5.87574e-05   0.00251493
 0.000720288            0    0.0017615   0.00315257     0.929788    0.0645532  1.96965e-05   4.8207e-06
   0.0146007     0.322133    0.0371525   0.00260423    0.0921615      0.50654  0.000705439    0.0241023
           0    0.0178291   0.00396747            0    0.0398732     0.850979    0.0567826    0.0305687
   0.0343617     0.723261    0.0231479   0.00436088    0.0486871     0.161536  4.70835e-05    0.0045975
   0.0102812    0.0630181     0.159306    0.0116397     0.499172     0.256573  1.00577e-05            0
  0.00929955     0.972301  0.000339577  0.000269416   0.00032118    0.0165833  7.60347e-07  0.000885094
   0.0221986     0.161958    0.0695141   0.00572003     0.218038     0.520157            0   0.00241445
   0.0267158     0.118172   0.00160302            0            0      0.66582    0.0592603     0.128429
  0.00427879    0.0262936    0.0357739   0.00439325     0.444044     0.485216            0            0
   0.0145402   0.00434551            0  0.000335561   0.00450555      0.34793     0.376744       0.2516
 8.02905e-05  9.91419e-05  4.36957e-06  1.39224e-06  2.55478e-05            0     0.757914     0.241876
  0.00209116    0.0120117     0.278112    0.0334424     0.632306    0.0420265  6.63892e-06  3.13369e-06
 3.27085e-05  1.30924e-05  3.29655e-06  1.12961e-07  2.05023e-05   0.00171997     0.121489     0.876722
    0.372932     0.140413   0.00531213   0.00830563     0.030952     0.389552     0.011488    0.0410451
    0.959939   0.00842991  0.000443761   0.00039096  0.000720814    0.0283603  0.000150376   0.00156456
      0.2311    0.0969753   0.00195475   0.00624826    0.0331206     0.482823    0.0418007     0.105977
   0.0128356   0.00116643    0.0666775     0.223102     0.678424    0.0177934  1.91374e-07  1.03237e-06
    0.004583  0.000691947  0.000214874     0.975148      0.01764   0.00171966  2.43377e-06  5.17869e-07
           0     0.017405    0.0575797            0     0.709837     0.215137  2.63941e-05   1.5223e-05
 0.000946134   0.00410962     0.966532   0.00394572    0.0209047    0.0035582  3.20207e-06  3.89211e-09
  0.00168428   0.00737213     0.933138   0.00547285    0.0437915   0.00853774  3.83959e-06  6.42132e-08
    0.164165    0.0392971   0.00363156    0.0164652     0.112592     0.589313    0.0299444    0.0445915
    0.722819    0.0616926    0.0121843    0.0172075    0.0417648     0.143053  2.32873e-05   0.00125547
  0.00343978   0.00096081            0  1.01875e-05  0.000112033     0.110917     0.335304     0.549256
  0.00956392            0   0.00483592    0.0655754     0.870974    0.0490488  2.11837e-06  2.28404e-07
    0.182837     0.201771     0.104811    0.0629794     0.209032     0.238182            0  0.000387754
           0  1.41968e-06  7.61445e-08  1.30458e-08  1.61014e-07    0.0348744     0.847094      0.11803
   0.0147311   0.00702854        0.107     0.589788     0.266213    0.0152369  9.94819e-07  1.59656e-06
  0.00195342   0.00586779     0.963933   0.00328053    0.0183685   0.00659348  3.34902e-06            0
   0.0244863    0.0070965    0.0341673     0.708379     0.200739    0.0251291  2.56969e-06            0
    0.105597    0.0215787    0.0165964    0.0581826     0.410689     0.382369   0.00199886   0.00298834
    0.356685     0.057966    0.0220562    0.0650537     0.165456     0.327591   0.00115726   0.00403576
    0.885981    0.0308414   0.00316287   0.00444696   0.00852993    0.0663344            0  0.000702929
   0.0328291   0.00571438    0.0224978     0.137369     0.683621     0.117969            0            0
    0.462178     0.063655   0.00776064    0.0240288     0.071996     0.351981   0.00428451     0.014116
  0.00764075   0.00942535    0.0161365   0.00681468     0.440463      0.51952            0            0
   0.0194763     0.947836    0.0021675  0.000679778   0.00356543    0.0256975  3.36022e-06  0.000573842
  0.00196316  0.000208127            0            0  6.36005e-05      0.16475     0.561563     0.271452
 0.000375005  2.29732e-05  3.42219e-06  7.56162e-07  1.03425e-05    0.0235283     0.418544     0.557516
 2.49894e-05  6.19094e-07            0            0            0    0.0938926     0.812619    0.0934628
  0.00149468   0.00637706            0  4.42407e-05            0     0.211572     0.423566     0.356946
   0.0491024     0.516649    0.0251117   0.00240903     0.054166     0.333292   0.00096925       0.0183
   0.0951159     0.126851    0.0020339   0.00244729    0.0164687     0.502284    0.0730034     0.181796
 5.98166e-07  7.28892e-06  8.49447e-08  8.38099e-08            0    0.0159897      0.96559    0.0184122
 6.06831e-05  6.00606e-05  6.28994e-06            0  4.26048e-05   0.00336297     0.234164     0.762303
    0.940281     0.015653   0.00134854   0.00184442   0.00351633    0.0366884  1.43234e-05  0.000654227
 1.40432e-05  8.12115e-09  9.78761e-08            0  1.93278e-06   0.00247176     0.997374  0.000138199
 0.000472754            0  3.17635e-06    1.348e-06  1.43561e-05    0.0243916     0.251862     0.723255
    0.034154     0.162844     0.140062    0.0127107     0.297627     0.352235  2.00204e-05  0.000346848
           0   0.00375779    0.0237566            0     0.855657     0.116778  3.80254e-05  1.29666e-05
   0.0126708   0.00280079     0.109088     0.427089     0.439535   0.00881533  3.71275e-07  1.04861e-06
 0.000238533   0.00204554  6.97904e-07  1.41891e-05  2.13821e-06    0.0771296     0.178499     0.742071
   0.0327729    0.0662062     0.460694    0.0617452     0.278738    0.0998278  1.62773e-05            0
           0   0.00111514     0.162719     0.046218     0.788222   0.00172022  3.64703e-06  1.71227e-06
  0.00735932   0.00164437            0  0.000229912   0.00494527     0.417744     0.412253     0.155824
  8.7314e-05            0  3.05675e-06  1.27218e-07  2.77172e-05    0.0539394     0.821291     0.124651
  0.00578033   0.00302491            0  4.37435e-05   0.00030272     0.111621     0.126716     0.752511
           0            0  9.00941e-06            0  4.60146e-05    0.0232754     0.405984     0.570685
 2.55013e-06            0            0  4.45065e-07            0    0.0983419     0.874726    0.0269287
    0.062042     0.253364     0.146093    0.0221153     0.222309     0.293319  2.28838e-05  0.000734739
   0.0691426    0.0411508     0.137252     0.325843     0.331046    0.0955538   6.2083e-06  5.63533e-06
 0.000180276  1.57489e-05  7.99215e-06  1.02934e-06  6.59208e-05    0.0235573      0.59856     0.377612
  0.00451082    0.0547849   0.00167983            0  0.000930111     0.742601     0.100862    0.0946313
  0.00100137   0.00305478            0  2.19665e-06   0.00175339     0.433962     0.431236      0.12899
  0.00444317   0.00128482   0.00859934     0.973988    0.0107696  0.000909967   3.1124e-06   1.7138e-06
 0.000105267            0  9.06843e-06            0  6.52833e-05            0     0.326431     0.673389
  0.00136607  8.88519e-05  3.70783e-07            0            0    0.0843168     0.393024     0.521204
   0.0208699   0.00440676    0.0575901     0.479101     0.414809    0.0232222  5.90246e-07  3.97016e-07
 0.000822702   0.00313154  2.27239e-06   2.7436e-05  1.91986e-05     0.107668     0.321891     0.566438
   0.0690201    0.0151661    0.0376929     0.173909     0.535823     0.168389            0            0
    0.282726     0.130528    0.0711526    0.0839349     0.214015     0.217476            0  0.000167399
           0  0.000436719            0  9.16771e-07            0     0.239066     0.641358     0.119139
    0.550768     0.113553   0.00845531    0.0106769    0.0327552     0.272107    0.0016235    0.0100608
    0.017696   0.00152337            0    0.0399833      0.81537     0.125427            0            0
   0.0362484     0.018842  5.03568e-05  0.000784275   0.00666534     0.400525     0.212171     0.324714
  0.00710766      0.18612    0.0370393   0.00136414     0.114185     0.639837            0    0.0143471
  4.5506e-05            0            0            0            0     0.189103     0.713329    0.0975232
  0.00482912    0.0073433     0.774267    0.0460018     0.154919     0.012638  9.36034e-07  1.27697e-06
    0.181664    0.0430838    0.0510263     0.169771     0.320202     0.234133            0  0.000120816
   0.0161581            0  0.000491216   0.00747785     0.185285     0.756227    0.0217231    0.0126383
   0.0181115    0.0588813     0.504658     0.029672     0.292649    0.0960073  1.85272e-05  2.17535e-06
 4.32624e-05  1.06645e-05  1.01281e-06  1.64787e-07  9.14808e-06            0     0.986544     0.013392
    0.394025    0.0903545   0.00313178   0.00907027    0.0354587     0.408436    0.0150278    0.0444959
   0.0826006    0.0896901     0.233464     0.128068     0.327706     0.138466  4.68867e-06            0
 3.72158e-06   2.8436e-05  8.39214e-07  4.78198e-07  2.41913e-06   0.00991633     0.898557    0.0914911
     0.15287    0.0615127    0.0886325     0.194452     0.337371     0.165133    1.838e-05  1.00639e-05
 7.45023e-05            0   1.8947e-06            0  2.06472e-05    0.0244452     0.963395     0.012063
    0.178626    0.0351976     0.015681    0.0729868     0.275548     0.418229    0.0013449   0.00238708
   0.0263103     0.241662    0.0191381   0.00078643    0.0469726     0.601302    0.0119223    0.0519071
   0.0726241      0.30431      0.01164   0.00154416    0.0288018     0.504017    0.0141316    0.0629314
  0.00140282   0.00024607            0            0            0    0.0538761     0.155534     0.788941
  0.00465996     0.017328     0.693365    0.0207395     0.234017    0.0298839  5.34022e-06  1.03118e-06
           0  0.000557078  4.56749e-06  2.25028e-06  2.98011e-05    0.0274677     0.234715     0.737223
           0            0            0            0            0            0            0            1
  0.00718444    0.0235233  6.61357e-05  0.000107598            0     0.416987     0.267475     0.284657
     0.11642     0.219021   0.00558943   0.00291193    0.0212471     0.504944    0.0304713    0.0993949
    0.695701     0.066225   0.00360793   0.00586784    0.0169578     0.198261   0.00219928    0.0111804
 2.09944e-05  1.45006e-07  2.43698e-07  1.52676e-09  3.48757e-06   0.00128019     0.998581  0.000114309
    0.142056     0.499074    0.0240112   0.00889343    0.0523794     0.262497  0.000625268    0.0104635
 4.29209e-07  1.80058e-05  9.33989e-07  3.63086e-07  2.36203e-06    0.0255036     0.810497     0.163977
    0.140995     0.106082   0.00222363   0.00390829     0.028134     0.458038     0.075614     0.185005
           0  0.000166341    0.0226622   0.00841266     0.951073    0.0176705  1.21497e-05  3.38637e-06
 0.000104258  2.12295e-05  2.92606e-06  5.07879e-07  7.82955e-06    0.0313694     0.532524      0.43597
           0    0.0620761    0.0147089            0    0.0591871     0.838697     0.012096    0.0132353
           0    0.0175432     0.012945            0     0.144174     0.811043    0.0102693    0.0040258
  5.6969e-05            0  1.35133e-06            0   1.4899e-05    0.0239226      0.97064   0.00536386
    0.839601    0.0244881     0.001934   0.00471534    0.0134756     0.109726  0.000972663   0.00508695
           0            1            0            0            0            0            0            0
 0.000299209    0.0119894      0.09379   0.00123869     0.783562     0.109091  2.06629e-05  8.85883e-06
           0            0            0     0.999999            0            0  9.15393e-07  3.08013e-07
   0.0232607    0.0327596   7.5002e-05  0.000460637   0.00198481     0.350458     0.171708     0.419293
  0.00213855            0   0.00978715     0.028945     0.942391    0.0167318  5.13758e-06  1.06644e-06
  0.00312341  0.000945831   0.00181755  0.000571652     0.832748     0.160769   1.9783e-05  5.20925e-06
  0.00035144  3.19571e-05  2.11759e-06  1.63336e-06  1.29018e-05    0.0223525     0.145134     0.832113
           1            0            0            0            0            0            0            0
    0.464441    0.0808402    0.0288153    0.0493862     0.119379     0.255258  0.000272634   0.00160848
 8.00217e-05  0.000363689  4.12307e-06  1.78741e-06  2.41776e-05    0.0157183     0.186419     0.797388
   0.0212101  0.000537835            0   0.00430473    0.0863438      0.76606    0.0765257     0.045018
   0.0296149     0.255627    0.0599891   0.00671667     0.159086     0.479706            0   0.00926046
  0.00378082            0     0.083485     0.128099     0.783323   0.00130949  1.24364e-06  1.14328e-06
  0.00360365   0.00716737     0.346791    0.0876928     0.541903    0.0128372  2.48449e-06  2.86335e-06
   0.0344039     0.889123    0.0025337   0.00111769   0.00402121    0.0655659  2.86517e-06   0.00323215
   0.0625949    0.0200367   0.00013638   0.00316783    0.0316339     0.617736     0.135142     0.129552
    0.047785     0.741232    0.0236536   0.00559775    0.0486599     0.130634  1.88396e-05   0.00241868
 2.62394e-05  9.11026e-05  5.94576e-06  2.01913e-06  2.41299e-05    0.0148103     0.538164     0.446876
           0    0.0018792   0.00206984  0.000109958    0.0707929     0.855012    0.0495877     0.020548
 0.000183159  9.29874e-05  6.52325e-06  1.49189e-06  4.98045e-05   0.00649724     0.695742     0.297427
   0.0209993     0.932034   0.00403448   0.00114114    0.0075538    0.0335229  1.21383e-07  0.000714308
 9.82366e-08  4.77436e-07            0   1.2091e-11   2.2875e-07     0.032534       0.8626     0.104866
   0.0498648    0.0125444    0.0539688     0.430868     0.385602    0.0671505  1.23002e-06  1.94175e-08
  0.00582083    0.0269481     0.291935    0.0228991     0.566041    0.0863467  7.58443e-06  1.97631e-06
   0.0144037     0.878267   0.00569063  0.000478768     0.011185    0.0858454            0   0.00412975
  0.00102665  9.56278e-05            0            0  0.000525633     0.316526     0.560472     0.121354
   0.0189055   0.00161825    0.0301332     0.172076     0.727664    0.0496015  5.28117e-07  1.26707e-06
           0            0  1.46274e-06            0  9.70873e-06            0    0.0554295     0.944559
  0.00621897    0.0382321     0.117841   0.00759642     0.585547     0.244548  1.13131e-05  4.22542e-06
    0.743878    0.0645339   0.00796487    0.0107878    0.0254386     0.145114  4.99997e-05    0.0022325
  1.7772e-05  5.83155e-05  2.21785e-06  1.02982e-06  8.41743e-06            0     0.855669     0.144244
    0.166249    0.0380669   0.00722102    0.0294711     0.186427     0.543335     0.011568    0.0176618
  7.5048e-05  2.47225e-08   1.8392e-06  1.10167e-08  1.89865e-05    0.0122168     0.967454    0.0202333
     0.10515    0.0219063    0.0451438     0.226696     0.431752     0.169352            0            0
  0.00521961            0            0    0.0218259     0.902362    0.0705851  6.46529e-06   8.9648e-07
    0.203381    0.0546947   0.00289147    0.0122335    0.0708355     0.550588    0.0371361      0.06824
    0.159808     0.293664   0.00528178   0.00406622    0.0171471     0.438137    0.0164695    0.0654265
    0.254908    0.0539338   0.00537507    0.0225382      0.10023     0.511519    0.0174736    0.0340214
   0.0979342    0.0220918   0.00233681    0.0138898     0.143454     0.645104    0.0352083    0.0399807
  0.00015482   0.00074207  7.36034e-06  6.15296e-06  6.33262e-05    0.0341052     0.387666     0.577255
 1.94315e-06  3.51052e-05  1.51699e-06  6.77921e-07  4.56141e-06    0.0149892     0.818318     0.166649
   0.0463735     0.370891    0.0228569   0.00145512    0.0548945     0.466143   0.00325991     0.034126
  0.00264376            0  0.000732712   0.00214772     0.130447      0.82337    0.0289812    0.0116775
           0  0.000722973     0.999122  0.000153513            0            0   1.4742e-06            0
  0.00161106   0.00621406     0.955895   0.00440475     0.025733   0.00613837  4.13656e-06    7.207e-11
 2.02199e-05  2.59195e-05  2.43853e-06  5.72437e-07  6.26432e-06    0.0280895     0.628019     0.343836
 1.69737e-06  8.34933e-09  5.16622e-09            0  9.36588e-08    0.0224637     0.975719   0.00181567
   0.0593046     0.428246    0.0689036    0.0117364      0.13291      0.29469            0   0.00420877
           0            0            0            0            0    0.0676971     0.900719    0.0315839
           0            0  6.03246e-06  2.83751e-07  4.11701e-05            0     0.234964     0.764988
           0   1.7108e-06            0            0  7.74747e-08    0.0383244     0.911691    0.0499826
   0.0501248     0.133068     0.302944    0.0387195     0.293272     0.181841  3.03626e-05            0
 8.08243e-05  4.64191e-05  2.50815e-06  7.00966e-07  1.87664e-05            0     0.911219    0.0886322
  0.00295535   0.00218184            0  2.57855e-05  0.000108861    0.0659261    0.0374951     0.891307
     0.12159    0.0666528   0.00123974   0.00361748    0.0276932     0.510917    0.0943486     0.173941
  0.00435442    0.0183056     0.465754    0.0325612     0.436103     0.042914  5.32644e-06  1.84191e-06
   0.0422256    0.0151278    0.0533248     0.615085     0.226545    0.0476843  5.13976e-06    1.976e-06
    0.268055     0.141794   0.00292443   0.00615485    0.0260222     0.438591    0.0288905    0.0875678
           0  7.96235e-06            0            0            0   0.00991563     0.960759    0.0293174
 0.000337627  8.53792e-07   2.8632e-06  1.68118e-06   1.5074e-05    0.0210007     0.203042     0.775599
  0.00699399    0.0218392     0.723307    0.0232563     0.191846    0.0327484  7.68384e-06  7.19808e-07
    0.478667    0.0696236   0.00372872    0.0128193    0.0433341     0.358932   0.00788837    0.0250069
           0    0.0123152      0.17292   0.00880816     0.735722    0.0702194  1.09628e-05  3.67439e-06
 0.000986959     0.016877  0.000598886            0   0.00608539      0.69769     0.180725    0.0970358
  0.00588149   0.00168149            0  4.47958e-05  0.000612684     0.198833     0.418689     0.374258
 0.000391296  3.03639e-05  4.16818e-06  1.68651e-06  1.94379e-05     0.019301     0.275364     0.704888
    0.132712     0.145219     0.151535    0.0951094     0.283484      0.19194            0            0
   0.0262976    0.0296129     0.299674     0.121413     0.456891    0.0661067            0  4.99249e-06
    0.107539    0.0280892   0.00114303   0.00874517    0.0802247     0.633318    0.0616337    0.0793071
    0.123532     0.223599     0.137753       0.0436     0.211701     0.259685   1.0986e-05  0.000119205
  0.00675232    0.0392977    0.0655755   0.00611045     0.524676     0.357588            0            0
 1.41358e-05            0  6.93082e-08            0  1.80458e-06  0.000963571     0.998906  0.000114836
  0.00518265    0.0176628    0.0385411    0.0051552     0.615516     0.317886  3.54777e-05  2.06056e-05
    0.181308      0.30765    0.0638878    0.0308697     0.145452     0.267744  0.000132721   0.00295647
   0.0292997     0.906528   0.00525208   0.00148338   0.00963215    0.0467498            0   0.00105487
  0.00315697     0.995365            0  8.38708e-06            0   0.00146551  3.69313e-06            0
           0    0.0171905    0.0200902            0     0.288835     0.673884            0            0
 0.000187944            0  1.80287e-07            0            0    0.0905975     0.718134     0.191081
 1.31763e-05            0  2.03198e-07            0  2.65461e-06    0.0406896     0.955094   0.00420073
   0.0197904     0.121615     0.112435   0.00724063     0.321528     0.417389  2.12231e-06            0
    0.347399     0.148666    0.0429454    0.0452084     0.124661     0.289274  7.36275e-05    0.0017734
    0.903621    0.0219557   0.00423558   0.00616913    0.0141108    0.0496827            0  0.000225264
 9.14972e-06  3.65213e-06  1.62629e-07  4.67408e-08  1.38216e-06   0.00218217     0.997778  2.51596e-05
   0.0146032   0.00435376     0.013808     0.893112    0.0622234    0.0118942  3.90059e-06  1.26939e-06
 0.000338628   0.00138593  5.70731e-06  1.18541e-05  4.96972e-05    0.0668232      0.40039     0.530995
    0.905917    0.0253343   0.00303631   0.00424919   0.00878058    0.0522393  9.38439e-07  0.000442334
   0.0390141   0.00111095            0    0.0106012     0.150477     0.731777    0.0356953    0.0313238
 0.000259017    0.0017284     0.989196   0.00141682   0.00649385  0.000903659  2.07868e-06  7.06655e-10
   0.0133219    0.0124828     0.338736     0.180426     0.430441    0.0245887  3.33738e-07  3.29497e-06
  0.00205327  0.000528561   0.00413952     0.991287   0.00191331  7.50359e-05  2.23687e-06  1.09685e-06
  0.00225081  0.000515169            0            0            0    0.0767781     0.259679     0.660777
   0.0463744     0.207287     0.156299    0.0168311      0.26425     0.308558  3.25291e-05  0.000367973
   0.0021316    0.0014744    0.0213114     0.944113    0.0294399   0.00152826  6.69946e-07  9.34836e-07
  0.00464969     0.120819    0.0453176   0.00138702     0.174477     0.649017            0   0.00433166
  0.00197469   0.00429959            0  4.48105e-05  7.31653e-06     0.108258     0.136589     0.748827
   0.0323627   0.00890918    0.0101988    0.0285682      0.63455     0.285411            0            0
  0.00748704   0.00128024   0.00413948     0.923733    0.0583219   0.00503694  1.56396e-06  1.25749e-09
    0.872255    0.0287237   0.00175181   0.00247971   0.00557812    0.0848438  0.000493964   0.00387435
    0.230825     0.202965   0.00557573   0.00646527    0.0282027     0.444239        0.018    0.0637276
    0.173214    0.0774855    0.0142365    0.0128621    0.0928531     0.629349            0            0
   0.0094806    0.0243994     0.565919    0.0378308     0.318706    0.0436568  4.96524e-06  2.18592e-06
   0.0203064     0.945957   0.00177336  0.000692982   0.00265654    0.0278007   2.7789e-06   0.00081012
           0   0.00378029      0.14706    0.0167294     0.811093    0.0213247  8.86688e-06  3.29341e-06
  0.00505663            0   0.00354695   0.00307016     0.293324     0.693758   0.00117493  7.01556e-05
   0.0179207     0.159506   0.00874198  0.000141183    0.0175022     0.688318    0.0333158    0.0745539
    0.078537     0.464387    0.0172342   0.00234937    0.0383093     0.374178  0.000934638    0.0240709
 1.52787e-05            0  7.77685e-08  1.17225e-10  1.97962e-06            0     0.999968  1.47285e-05
  0.00312478    0.0058063      0.90806    0.0141134    0.0602637   0.00862997  1.42235e-06  4.06874e-07
   0.0095409   0.00464273   0.00856657   0.00477052     0.674979       0.2975            0            0
    0.070068     0.193709   0.00727189   0.00245577    0.0249802     0.550352      0.04088     0.110283
    0.248018    0.0758756   0.00204348   0.00897989    0.0474331     0.501855    0.0367135     0.079081
  0.00450403  0.000685232            0  4.16432e-05  0.000895164     0.258112     0.516124     0.219637
   0.0645412     0.547272     0.047689    0.0100417     0.096455     0.230329  1.26746e-05   0.00365962
  0.00373432    0.0518114     0.043698   0.00267033     0.320095     0.577991            0            0
           0  7.28342e-07  7.52323e-10   2.8112e-08            0    0.0657383     0.913589    0.0206714
    0.990969   0.00215114            0            0            0   0.00657766   1.5568e-05  0.000286514
 0.000173659  2.52269e-05  2.67181e-06            0  2.95855e-06    0.0116223    0.0998017     0.888371
   0.0183514   0.00445281    0.0327471      0.69597     0.229825    0.0186532  1.14067e-06            0
  8.2457e-05            0  2.14282e-06            0  2.25413e-05    0.0223452     0.953347    0.0242007
  0.00462202  0.000842491  0.000934249     0.965176    0.0256269   0.00279615  1.81759e-06  2.38054e-07
   0.0089237    0.0446856     0.241779    0.0202868     0.530489     0.153827  9.42054e-06            0
    0.289395     0.231224   0.00864324   0.00873663    0.0335187     0.396115   0.00545966     0.026908
    0.944562    0.0154122   0.00147035   0.00209584   0.00374761    0.0324234  1.44262e-05  0.000274453
    0.134928    0.0305979    0.0107714    0.0432752     0.286314     0.480631   0.00549985   0.00798246
  0.00930836   0.00196263   0.00447804     0.924678    0.0534312   0.00613844  2.65024e-06  2.62307e-07
   0.0478436    0.0101777   0.00842569    0.0536281     0.636098     0.243788            0  3.84881e-05
 3.12417e-05            0  2.96168e-06   3.7107e-08  1.89609e-05  0.000598187     0.114442     0.884906
 0.000148356  5.24153e-05  4.57611e-06    1.323e-06   1.6251e-05    0.0193876     0.495499      0.48489
 7.61329e-05            0  1.82746e-06            0  2.03804e-05    0.0178378     0.980263   0.00180074
           0  3.17045e-06            0            0   7.4574e-07    0.0460571     0.871522    0.0824174
    0.344264    0.0601959    0.0124024    0.0436814     0.130897     0.392512   0.00430537    0.0117407
    0.273901    0.0607926     0.040078     0.101939     0.241729     0.280715  0.000159283  0.000686186
           0   0.00052297    0.0667992    0.0195493     0.909749   0.00337077  6.48239e-06  2.02948e-06
 4.79715e-05   0.00029769  6.89237e-06  1.36857e-06   5.0505e-05    0.0140377     0.306354     0.679204
 1.76191e-05   0.00111291  2.98991e-06  6.23329e-06  1.96739e-05    0.0489488     0.218249     0.731643
  0.00511643   0.00288675            0  0.000228668   0.00882749     0.539034     0.317154     0.126753
 4.25548e-05  8.16966e-05  6.82896e-08  9.11923e-07            0     0.146905     0.809874     0.043095
   0.0331652   0.00794544  2.91833e-05    0.0022969    0.0326413     0.632636      0.17602     0.115266
      0.8794     0.015352   0.00274104   0.00650168    0.0165725    0.0769514  0.000326909   0.00215415
  0.00093501            0  6.75242e-08            0            0     0.112557      0.51903     0.367478
   0.0243117   0.00475675    0.0533737     0.289921     0.588757    0.0388799            0  4.55536e-07
    0.867318    0.0343844   0.00361073     0.004985    0.0103724    0.0781848            0   0.00114431
 0.000100911    0.0022357     0.980912            0    0.0135707   0.00317925  9.81201e-07  1.88956e-08
           0            0            0            0            0            1            0            0
  0.00478452    0.0148331     0.024584   0.00453419     0.503001     0.448238            0  2.50542e-05
    0.518917    0.0899845   0.00379397   0.00836556    0.0265322     0.314275   0.00833397    0.0297973
   0.0159847   0.00904529  3.29667e-05  0.000251276   0.00200372     0.215528     0.239547     0.517607
    0.838758    0.0312642    0.0014987   0.00297326   0.00821306     0.110306  0.000994305   0.00599216
           0  2.76303e-06  3.59249e-08   1.1897e-08  4.83556e-07    0.0335399     0.867007    0.0994497
   0.0014316   0.00242734            0  2.80242e-05  2.81725e-05    0.0568009    0.0861339      0.85315
   0.0119844    0.0127349  2.03166e-05  0.000228016    0.0011622     0.185608      0.15107     0.637193
   0.0794625     0.202339     0.178515    0.0395949     0.246426     0.253527  2.13546e-05  0.000115478
    0.066214    0.0160243    0.0133081    0.0456429     0.502045     0.354621  0.000874332   0.00127033
    0.216097     0.091576    0.0885587     0.129012     0.283628     0.191129            0            0
   0.0353052     0.891268   0.00561319      0.00165   0.00996717    0.0548969            0   0.00129936
   0.0358521     0.207644    0.0871894   0.00932956     0.224136     0.433499            0   0.00234973
           0    0.0468922    0.0054492            0    0.0198064     0.828786    0.0552584    0.0438081
    0.493171    0.0593788    0.0135985    0.0360623    0.0944029     0.295132   0.00163201   0.00662245
    0.623785    0.0541622   0.00445819    0.0125818    0.0369869     0.252997   0.00299924    0.0120293
  0.00141956  0.000380889   0.00282863      0.99315   0.00206024  0.000158114  1.82923e-06   8.1989e-07
   0.0315245     0.873879   0.00281748  0.000927551    0.0051354    0.0811643  1.11695e-05   0.00454066
    0.244451     0.316166    0.0167109    0.0110154     0.048319     0.349848   0.00124275    0.0122464
           0            0  5.20483e-08            0  9.07674e-08     0.039772     0.836635     0.123593
    0.025503    0.0154934     0.153429     0.478159     0.293454    0.0339574  2.04382e-06  2.59215e-06
           0  2.07086e-06  3.16549e-07  4.06471e-08  2.42874e-08    0.0410192     0.796629     0.162349
  0.00129189   0.00844555    0.0262502  0.000617771     0.757529     0.205799  4.76988e-05  1.86628e-05
    0.264814    0.0485999    0.0184202    0.0664534     0.193697     0.400363   0.00225165   0.00539954
 0.000363523   0.00226044  1.24739e-06  1.38664e-05  1.63071e-05     0.160856     0.537446     0.299042
 0.000362984   0.00495314    0.0005773  1.92839e-05    0.0224914     0.768205     0.139758     0.063632
  0.00360046    0.0135659     0.679209    0.0244327     0.254867    0.0243198  3.90915e-06  1.36287e-06
   0.0102601   0.00353589    0.0601793     0.708619     0.208524   0.00888042  4.62392e-07  7.12305e-07
  0.00535797   0.00946623     0.536016    0.0842653     0.349347     0.015544  1.44778e-06   2.3177e-06
    0.348132    0.0660149   0.00602767    0.0212653    0.0790038     0.444634    0.0101987    0.0247233
    0.196332     0.144031     0.106525    0.0947173      0.25333     0.205025            0  3.95573e-05
           0  9.60157e-06  4.76161e-08  3.53388e-08  6.55265e-08   0.00849203     0.957391    0.0341069
           0   9.5285e-06  1.82609e-08  1.86203e-08 -3.86695e-09   0.00580516     0.968058    0.0261274
  1.4185e-05  1.51687e-07  1.14947e-07  1.20889e-09  2.00455e-06   0.00192873     0.997961  9.40606e-05
 1.62973e-05            0  1.05952e-07            0  2.24236e-06  6.30324e-05     0.999894  2.41096e-05
 8.17831e-05  8.85874e-10  1.97231e-06  2.44942e-11  2.18913e-05    0.0154774     0.981951   0.00246558
-4.59558e-10  8.91775e-06            0            0            0   0.00601741     0.967832    0.0261422
     0.48307     0.129326    0.0204073    0.0227527    0.0647404     0.274489  0.000379301   0.00483499
 7.72841e-08  1.18948e-06  8.10152e-09            0  2.82367e-07    0.0314068      0.86538     0.103212
   0.0148924    0.0261731     0.724589    0.0429981     0.152638    0.0387022  6.66851e-06  4.46764e-07
  7.6388e-05            0  1.86163e-06  2.79218e-11   2.0703e-05    0.0193107     0.977018   0.00357184
 6.69415e-05            0  1.70081e-06            0  1.86724e-05    0.0281311     0.960182    0.0115998
 8.01472e-05            0  1.91438e-06  1.95429e-11  2.13863e-05    0.0153764     0.984045  0.000474851
    0.121299     0.503388    0.0371984    0.0122016    0.0808131     0.238566  0.000272345   0.00626205
-2.07454e-09  8.93355e-06  4.03095e-10  2.68881e-09            0   0.00616148     0.968712    0.0251172
 1.42687e-05            0  6.39701e-08            0   1.7803e-06            0      0.99995  3.43868e-05
 9.36593e-08  1.08704e-05   8.4688e-08  6.59569e-08  1.18922e-07   0.00713503     0.958415    0.0344392
 4.57091e-05  8.46954e-07  9.73811e-07  1.61384e-08  1.03319e-05    0.0102746     0.986236    0.0034314
 9.34429e-08  1.00707e-05  8.04607e-08  6.87051e-08  8.28719e-08   0.00921838     0.960497    0.0302743
   0.0151815     0.002005            0   0.00157608    0.0353545     0.699221     0.160664    0.0859977
  0.00313583   0.00417471            0   5.4395e-05   0.00012372     0.078683    0.0483363     0.865492
  0.00881127   0.00273127    0.0124759     0.936539    0.0342761   0.00516085  3.66801e-06  1.78672e-06
           0   9.3551e-06  1.41924e-08  9.92452e-09  1.27123e-09   0.00598674     0.966738    0.0272657
 1.06661e-09  9.18364e-06  9.76997e-10  8.97348e-10            0   0.00523366     0.970119    0.0246385
 8.04397e-05  3.14645e-08  1.91865e-06            0  2.11944e-05    0.0146474     0.982432   0.00281673
           0  3.79479e-07  9.74686e-09            0  2.28336e-07    0.0383181      0.85074     0.110941
 1.70938e-05  9.55934e-08  1.53926e-07  3.79046e-10   2.5401e-06   0.00017817     0.999783   1.9102e-05
 3.31974e-07  1.21506e-05  2.14749e-07  1.45364e-07  4.85121e-07    0.0137802     0.925921     0.060286
           0  4.97426e-07  1.70258e-08            0  1.71621e-07    0.0331662     0.856779     0.110054
   0.0317198    0.0124048    0.0774349     0.500601     0.341562    0.0362752  2.07155e-06  8.64138e-07
 4.92922e-07  2.37618e-06  6.19877e-08  1.51482e-08  3.26362e-07    0.0324179     0.859756     0.107823
  0.00310665   0.00119154    0.0102227      0.97739   0.00740147  0.000683452   2.6582e-06  1.70702e-06
